8371
24586
10431
25509
14416
7400
12100
16373
24073
23815
14154
14845
30689
15598
16263
6317
10202
12841
5290
11785
4023
20473
21310
24957
518
17482
16594
13425
17502
8421
16471
29982
18150
17639
26057
5024
29974
31346
27922
19788
962
7330
6187
8771
24660
22979
14468
18759
9561
26049
26534
5582
14399
12511
13079
1109
29788
30380
16253
24823
1843
14644
9991
15422
25075
31859
5897
8761
25665
22031
28902
18383
9271
9542
29235
8786
30637
1828
10265
7512
8887
23290
12795
25286
20334
27405
5977
26925
13044
3467
13557
15450
946
20931
1332
13352
9444
3476
18374
3481
11096
24358
19593
6693
8050
30425
26027
31058
8308
15739
17680
4229
19708
10942
18675
13592
5327
24553
31695
15532
22484
23245
19328
26561
30308
21755
15269
23172
14017
9012
5962
6119
9187
10529
26052
13047
18811
13636
9947
10859
28978
22831
6703
8824
17713
4596
5588
28909
31719
21724
12352
12155
28934
21596
16743
18516
20431
4420
32548
12537
12944
3130
14555
18252
23403
11111
30301
1261
27224
10352
32267
31939
13421
6824
1599
22233
8286
29060
5607
15980
11328
29519
22643
30274
146
5150
26866
1853
13437
14599
22647
15663
10075
15246
29634
26096
4983
16736
3100
1710
15891
15428
18307
31621
26800
9806
15367
13647
26505
20053
23156
2494
353
18600
27697
18856
31870
22525
10344
4513
31990
25258
9319
2255
6185
18456
9031
506
16783
10868
2251
13027
29876
167
29578
30167
16512
1161
16977
18819
6076
20817
2243
778
2770
18001
14146
26197
20180
480
31251
6315
13760
2199
5052
8577
31747
27840
14001
28051
3899
2571
8752
2099
12865
10627
1642
32481
8807
8641
29667
8989
8702
18271
23067
7801
3100
16816
22894
3314
21916
6062
27705
4480
8037
2356
11070
6380
15856
2158
12618
16098
23044
26509
25109
2375
3780
3775
6249
28108
10476
20062
32646
21956
27480
8551
7110
5171
31942
29743
18045
551
25308
17233
8483
13643
11885
9963
17333
1209
15608
7690
10840
20496
13169
11874
9792
15558
5700
11331
21968
24000
8856
16072
26626
31008
19664
29778
12042
24671
2136
31540
17974
3739
15518
21168
20249
306
2910
2083
2536
32399
19491
21628
19748
16196
24843
11762
8313
11609
18634
8695
32487
11748
4593
2919
1055
10458
4977
30982
2352
17189
3674
22569
29794
32503
7401
14259
16482
13917
4802
14147
32416
9239
12922
30380
22774
28327
23640
6566
22154
27048
6749
13251
26613
353
11649
12452
32421
1178
64
3180
13183
16558
8789
28789
16585
9186
12742
2114
21320
23029
21792
8885
30373
5881
11012
29570
8470
1121
21218
2276
8762
1114
29445
18831
31044
16223
24528
3813
22107
12295
18503
12140
19265
8482
3025
3456
28467
20997
7483
32325
31249
13602
5889
7392
6847
31964
25801
24039
3275
27289
9777
30485
12624
5144
11978
28483
12058
4869
18276
27283
24074
21194
5261
1775
444
28841
18004
23730
5992
25095
30035
30628
15110
21771
20716
23596
26550
32616
722
27841
5982
20343
27595
17314
1429
13193
7605
21703
6592
27515
14023
27671
15482
6283
538
23515
7226
32617
360
28531
9519
12434
17427
30279
12399
2777
12137
31489
11857
19526
7206
31482
20503
9508
27962
12785
29905
342
973
19971
23934
31722
13441
8151
27763
12529
8695
6938
29697
24973
8340
15147
22610
7755
1925
8215
2196
27571
4864
30663
4953
5406
15309
1912
23102
8648
10246
26988
10443
8230
6427
21215
12955
15226
31512
30269
15549
20388
31019
21906
30297
28475
15201
6466
17559
4060
12720
16122
1468
20674
4154
13542
3991
3991
24784
13605
27931
16266
19893
30074
8013
13986
2469
32580
25953
25938
30998
17328
20511
11341
190
16429
9356
17563
7509
18208
20935
28141
10396
16601
32305
22318
28574
30918
28624
30042
32310
19175
21494
15507
17361
17794
10781
28530
30069
4888
22038
30875
20739
16535
7523
660
9657
13265
5089
16855
17914
26157
15274
9509
18002
14237
23609
24606
11701
28112
21711
1039
31495
13224
28182
6923
9186
11502
28420
31037
28819
29253
30979
14460
22885
2396
28495
4640
18723
11624
28063
2836
26840
31698
4615
9773
22745
22828
7709
4282
31493
8810
13147
32093
12876
32335
11972
8473
15214
25381
26570
1707
773
9393
22128
11294
7366
7782
25772
7834
16388
19929
28431
2173
28021
29045
14503
26028
8761
32624
22053
21036
15384
2301
21563
9964
29452
24004
7496
22757
3071
911
25143
20069
10453
22086
2724
7848
22957
25629
28737
28585
21348
23052
27001
26167
28507
5248
26451
23627
22651
10320
10904
20889
2422
30706
21560
19045
79
10479
21738
4248
19228
3476
19
2835
21003
22250
17897
8003
675
8937
22744
20726
16460
15081
16933
5229
15890
5721
10705
1714
9638
30131
21952
44
12197
10671
9242
13680
4381
23224
1266
23130
25166
25756
14117
31581
25261
6791
19589
279
15919
1842
14647
4648
14275
32088
29274
18245
23840
3178
24553
25992
10178
11651
9699
4874
12079
15518
2217
14772
20607
4615
28839
3154
28443
20495
20790
25065
12997
14596
30401
23371
26329
8544
39
1768
24274
21057
1889
30439
1039
28697
15717
32118
28888
14759
32074
862
15516
13094
6828
11482
23932
4548
28498
16553
17166
31573
27662
1378
3674
28233
12517
2312
2857
26075
28784
1758
20096
3724
8834
24444
7783
7888
18956
22307
1774
10247
21053
3662
16498
29614
18157
26761
19229
16599
27707
21894
25516
30166
31093
12398
13685
6718
31545
10613
28072
11532
8410
28081
5077
11041
30981
300
19374
23030
24997
32568
25615
10891
12035
13570
22331
18592
20018
19050
8297
10792
26282
27922
2687
13051
16179
12725
23581
16587
27141
8123
1245
13145
31789
6922
12249
17640
21554
8222
24430
18162
13305
1628
30272
5915
12774
15523
20862
24675
17732
13349
22632
31903
29159
28021
9486
2602
22287
23520
10842
2520
9616
4865
31568
6443
16688
29328
6037
7370
4433
17531
24878
28462
17616
312
8075
26527
3372
11865
13252
19807
5355
2913
25122
2853
13625
214
21729
14028
11987
1431
15412
16717
27171
28272
12170
25323
684
23532
13328
6061
8617
14954
3191
16401
27633
2163
13815
14847
1822
22347
13972
1532
31214
14790
8352
19616
27626
5469
28545
22602
2117
2433
8628
22290
2054
24880
13330
30975
10090
17093
25170
15995
2691
4628
20688
2819
21798
14518
908
20515
31236
18594
18038
25762
1303
11517
27369
23546
25920
23860
32373
29194
31022
17991
24289
24335
25473
24168
20336
10193
27183
5828
29540
15898
25895
8097
20929
1388
53
12969
18003
4083
21542
22405
1010
10169
6956
22190
3077
30745
1156
20096
16197
27510
27477
7825
27588
4397
29916
7488
31789
8135
22982
19345
11341
26484
24285
31544
26322
18613
16615
6899
12371
856
6091
7453
17297
29097
29942
11393
17149
999
16637
9068
9082
4085
7300
30982
13411
18770
18526
6369
26832
30027
22774
22739
17941
12143
14573
257
7052
21060
16132
6717
26517
22584
23357
30354
3546
18650
7997
10268
17112
1610
9717
23069
20635
3822
7809
16462
6344
1895
32336
4211
30689
8388
7814
14898
28101
12021
18590
20773
12150
898
30292
23854
1567
24701
18626
1291
8022
6069
31433
18218
12958
10796
21170
13502
8240
31691
22293
25362
27899
28501
19194
1821
16361
32410
13631
28504
17508
8941
30522
20428
5657
8663
13982
5231
6651
4621
7843
11696
26763
11424
15457
2897
11607
15988
31357
14709
8129
19955
8
21498
30978
18690
30372
17416
2927
20276
31721
31722
24314
27710
16903
9501
30459
22188
9132
29863
9521
1746
12072
6570
3587
14852
27855
31289
16908
13834
25758
12906
4311
24782
10018
2477
30951
88
23958
21084
22779
14076
9548
26515
18064
4050
14926
15681
11686
12135
13636
13951
7623
31922
24728
13857
26694
22090
26841
7563
29637
10198
27741
11719
26873
29636
11819
32468
7346
9534
28695
320
23317
15961
14383
15865
30764
13968
1366
18528
18850
7538
14127
5791
28103
21911
11581
13372
986
31704
24904
751
14728
20159
258
32177
20912
10813
19178
12822
2153
27547
12913
25564
30790
20915
3931
3780
25817
11616
23657
15008
3701
30259
18741
21934
29496
5992
9053
2340
8521
2328
23267
15372
32351
2480
9684
14418
10371
2977
1832
9756
21526
11097
15594
20825
19221
16755
22937
28061
29084
25898
3277
19500
29609
29460
24349
14421
35
27661
25921
28161
13595
16496
11892
24203
8529
23438
29212
14290
32506
856
16557
24973
3008
24671
15307
25823
8715
16895
6575
29228
30591
29398
30667
31018
9414
12667
16561
1851
23183
8557
10545
24570
26582
18506
2241
1043
30054
27458
4387
6745
6813
24778
10561
28434
12144
10901
28508
32149
32686
27584
9829
14360
17289
3917
4779
451
338
13010
2487
3849
15492
10610
14708
8247
5636
11021
27284
19021
16807
948
16942
16910
29941
22368
18092
23891
13101
19939
11236
16036
6793
15134
10885
24329
5826
6005
26293
27166
7383
23680
10744
8294
21515
6659
29780
13281
20524
22305
10419
21217
16667
5068
22664
21785
15241
32384
29365
16119
32511
12849
22957
3892
23841
4226
9429
2729
9779
3127
4401
31332
16092
30701
25916
4091
17194
11528
19479
25632
23255
7918
27622
17270
8907
11891
15224
15779
20449
20883
23334
10919
28398
25447
29949
6764
26112
12370
26655
25245
6883
4732
17254
16060
25322
12929
21323
13935
8171
16490
18182
15899
11916
14556
12535
17844
2493
2703
26181
10708
18310
12290
453
15114
21251
4461
3613
20340
1965
17144
6953
4752
4570
29482
17053
1871
14472
7588
24556
28779
29782
22031
32617
4859
30675
16211
18604
1861
3323
777
26680
3027
27647
23860
15451
3785
28485
4139
18773
24949
18608
21722
14524
18984
7201
6954
26654
26692
9022
11966
19177
7831
15986
5088
9096
30695
5940
12475
22479
14798
14221
5834
25753
6601
15060
144
13487
18571
31677
22410
24300
18327
25490
22114
3999
15629
16063
7013
8497
14788
14996
16183
10248
9626
28743
17349
30122
17928
8504
28540
22310
4858
2169
26809
4784
19933
25998
9600
26763
3833
9329
880
6956
15617
18138
7158
17052
8936
29372
10434
28446
6135
18963
3191
24338
28189
28637
21415
19481
6790
24166
16894
4986
19566
29385
16317
15812
26168
20916
15210
10677
3258
2411
21446
24155
16604
5392
24064
18553
14177
9505
7208
26412
25348
20802
14310
11214
25799
5949
21868
4379
22152
19271
21161
11666
9173
23941
1728
17694
25857
6350
5560
7670
28791
16051
11381
7362
5711
9404
14567
27647
14879
14069
29313
12964
16148
937
18157
7686
31297
13422
32510
17145
7990
6241
12262
6712
23253
9139
19625
7175
4193
2149
27601
16150
27864
19535
5476
24233
17539
103
11539
19446
28363
32064
19636
3790
5198
18641
8946
6528
9010
2424
10819
29691
23993
10815
19483
8754
14102
5213
17504
18885
29312
8704
22813
23261
14468
11849
14970
16471
5791
26264
7916
23334
7436
16651
28585
19698
3803
15425
6495
22021
22595
19556
21797
19048
16185
6502
32178
25161
577
29322
17612
27040
22917
6951
23812
4883
3620
21673
27553
29206
7116
18904
22234
24662
4235
16221
17480
21080
7906
11649
23450
24413
5660
10041
8587
138
13533
12896
32529
19269
2558
30019
18647
10978
22424
23906
23278
23935
11359
9077
7360
14380
10034
20654
325
30288
6384
10558
22393
6216
30860
8218
32525
5456
23908
14335
21852
25767
29646
30131
28322
8686
8180
18319
28520
20689
17123
1594
6723
1002
21982
29367
26046
27362
20472
21922
11925
3034
2530
9142
23076
11273
5121
19347
32030
11174
12995
4286
23170
22792
30004
6122
20171
32524
6604
2166
31592
12983
13707
26422
18027
9244
20809
3702
645
30336
28999
26428
21298
25533
15113
18382
8497
12004
11624
7028
13111
10790
7907
14207
16100
21493
30262
394
1526
20326
20782
19200
21437
15322
3515
1503
28367
12253
26951
14011
21244
23374
10822
18437
18308
5313
2062
8845
9608
22049
17641
12102
25279
27802
11881
9801
13418
24501
30716
20253
24202
21445
9152
5686
848
27523
28057
7099
1749
27893
27776
8077
23307
11668
24094
28292
18420
2477
20633
13564
1041
27400
7854
23184
12574
8904
29184
19237
4348
6802
16303
20779
1775
8433
29485
25887
14601
21753
15181
5716
26086
29995
11677
28916
17050
5529
13302
1345
29928
331
30801
29729
32181
19168
17116
9434
10171
20600
32334
2074
20098
14034
22135
3130
4492
8114
9499
9923
18384
8070
8448
5938
18283
13896
838
18168
21905
20390
5879
27333
21193
3681
26335
18694
30554
26355
32158
18861
13312
19828
27643
13104
2788
31422
2427
14548
29899
3280
9011
15915
9870
1648
3290
29659
19146
29205
18466
12706
984
11267
13896
12695
18944
6072
2026
4275
31209
17543
24346
14479
10068
17795
22448
5743
2058
16542
27108
17280
2835
30994
23324
606
28713
22784
12546
13785
29549
15959
23258
13561
24920
3832
1299
8256
9971
22552
19227
7214
12875
31973
15224
5387
14111
14444
25109
28640
11229
30394
19673
19655
4813
18753
15998
15972
25483
31358
929
6836
10426
1241
7701
18693
9719
28877
14973
12614
6668
24136
9242
12417
29030
15701
10977
13990
31946
31224
12241
29066
67
8025
19331
10543
11871
13861
17155
12614
25498
25138
16094
5106
13851
866
30844
22991
11678
24009
20912
4915
14258
3346
2702
1716
11300
18206
2429
10474
30139
12783
27021
16758
13093
20677
17162
24898
25650
19590
25169
3595
30528
7011
24802
18205
19191
19385
21687
18270
30774
30261
2516
10382
30796
6972
31264
19405
31596
28554
30579
11102
859
23577
15344
31146
5740
13636
21653
12680
7854
27948
6672
31675
18788
17755
11220
3516
31413
17319
8557
26043
10661
28249
26128
2016
14404
5007
29303
8406
7205
8159
22764
12682
27410
18493
22435
10288
8190
2847
25932
2696
11323
19679
27625
5471
10478
4960
9693
30040
15551
9460
20806
31980
2517
3709
11661
31664
14337
21715
30524
6870
28473
21862
22031
25335
22089
6693
29005
20240
27077
9374
7768
4298
16194
29798
23939
27134
2245
19643
6437
16248
27772
32104
23276
18683
1196
13033
27507
646
7147
4560
4118
17110
31119
8551
23301
6956
21094
18839
16791
25680
12712
26632
27873
7382
28201
16522
30856
31904
32723
19636
5075
24996
18772
11978
14596
31215
10772
19428
28393
20202
27754
20813
18606
5597
25615
10538
6133
27057
20691
8796
1320
20986
22926
20391
526
15157
13146
25107
19101
17485
18687
658
26640
1381
30383
28388
27193
13265
11764
23992
19223
18277
5606
28180
12459
1267
31649
9718
264
4623
9974
17468
31914
30229
26465
27073
21256
11374
27963
24009
25964
11278
17201
29087
11267
2113
31733
18300
28976
3752
26675
171
22310
1662
26823
5867
23478
29984
12589
25877
20069
3021
3641
8958
27842
8874
1288
22687
6391
25865
24118
3187
24221
4842
29009
12577
14805
31682
17550
5723
21652
5756
21691
24838
11838
23230
6517
20123
24951
16237
6555
18381
31798
627
9219
1644
7706
7616
107
21129
20738
3470
11442
6875
20440
19434
31304
27745
12205
9584
8163
3401
7947
19286
4979
16145
12166
18092
16473
27628
23957
12513
28115
17255
19104
21898
27067
2636
23898
8543
19314
8646
15441
646
25367
2503
22212
7701
10492
25255
28596
32466
16730
12814
24381
8509
26691
28435
32295
208
23001
6565
28601
2693
2750
24874
15821
6297
17611
7783
31530
23439
31749
9376
24589
21625
28620
11776
5385
17523
27734
26427
8209
13680
16476
24177
10196
57
15123
22870
329
29618
18014
22160
15242
351
28994
15968
7653
4904
32410
1669
19504
28249
19468
19805
1374
18413
9531
12366
12368
28172
22334
24932
10989
10962
6226
16443
3957
17490
6091
31264
25618
15835
19025
30067
26801
15994
17992
3151
30479
16575
17552
23150
10519
28612
6511
8774
14699
21868
14795
3448
21057
15849
8349
19563
15984
29825
10402
22836
12490
15761
11860
25018
5549
12754
3608
7447
8917
24283
21177
4161
6516
20711
10261
1513
28293
27097
26134
15779
19805
10621
18404
5704
10371
19217
9049
14232
19649
23556
13494
32548
10875
12285
21140
13420
18752
22047
7709
18500
6559
29580
891
9084
6460
10023
7825
18623
32035
23199
22505
19900
22107
9385
19950
28548
25791
8332
24156
17971
3081
24291
25588
23507
7984
21406
31860
10877
30196
25931
27334
17857
182
404
27000
13129
20110
23304
364
14008
14744
13342
14545
5336
11662
23414
11857
4597
15516
15715
29836
12164
30319
11943
16838
27913
13712
21629
18396
4151
22256
19933
18557
14424
4036
507
14742
16623
21906
14353
3598
14236
3212
23646
30388
26945
28702
5742
12150
19043
27075
5277
11475
16083
18972
12503
15763
1165
6211
21153
29877
17888
27485
12893
28585
5839
622
25033
19647
25016
3698
15818
26080
1843
25257
11624
9084
13629
32562
21017
31683
14742
10715
3394
29208
21351
2360
32507
10946
18472
30194
25107
26341
16321
30306
26963
31921
11247
6238
519
8154
16106
7507
8123
3656
13637
11412
30019
29967
30485
32754
16126
8609
21589
16013
603
21315
24713
31210
26267
16573
12706
325
2777
9814
1570
32552
32072
28671
5760
5436
14269
21455
5582
27232
17773
28847
9625
24312
30199
17751
16657
23431
16805
4985
25449
28033
17134
827
28033
9818
26944
6891
3779
28899
18685
24302
13643
20694
11460
11770
18762
16559
19441
11654
14252
8638
19047
23166
4088
29307
25997
4666
14712
16153
29334
10161
923
94
4614
22762
5527
23729
15473
14516
338
32629
3206
24727
32131
31381
27213
32522
2836
26208
31661
5606
2508
13208
32305
32027
42
25541
28172
32162
6804
7119
7770
6323
9649
17612
9896
20279
2067
12055
18871
32128
32537
27554
14717
7992
8979
20365
23661
3991
30376
22007
30712
6617
1397
21524
25684
28144
22007
13183
11644
19830
12971
9938
17784
1253
3699
3189
11230
1290
2108
29619
11929
12471
20958
30739
10217
12985
32323
26341
23979
28681
31436
25371
26075
27207
14320
31578
13399
9827
17703
26193
13797
27550
25606
22858
7288
28337
22187
11518
16559
15691
27995
17582
15519
32193
5994
27503
9170
22273
31579
7110
31887
5321
23113
25972
24156
23574
17030
26003
22978
990
21889
1250
3408
26113
9453
28766
3043
15486
27423
18
30756
24290
8888
47
31057
29703
16773
4191
27969
27642
6819
3415
31650
22077
11239
14507
28294
26671
23164
4839
29726
18376
25294
7131
11716
28297
32679
27958
12351
14515
3224
25431
22851
29880
10139
18527
7736
1775
5622
13707
14396
30091
28771
7873
20843
28878
23149
15464
5982
11130
18717
18301
22257
6025
7382
15331
1354
23325
4734
5371
23063
4538
20446
14453
24342
11699
3916
870
6363
3554
11911
11674
11470
7068
9442
30507
10355
1252
9381
21586
19950
26335
27568
2942
2502
31881
1889
31139
30185
9637
4024
28885
3568
23034
7609
25877
30885
23740
274
23403
2754
17481
30974
20277
26364
10774
29801
446
24384
5864
7509
26642
31549
32583
13180
11025
18466
25647
31287
28099
21929
27658
15774
19947
1108
2011
13041
21215
2294
30908
14391
16022
18806
18826
14116
29955
30416
4319
12096
28065
2140
3904
11078
25424
31827
32152
9674
13919
399
8165
8479
13546
28306
28722
30328
15718
10698
30149
8269
28538
26388
7321
1025
24336
24190
8463
32449
32173
24657
25568
14767
11773
27215
14934
2368
13747
8761
3772
23522
400
22932
25875
31715
28608
32429
6150
10382
5229
7899
25120
19095
11407
24068
1853
18361
13057
1890
12862
14749
19418
7047
23297
3070
31226
32671
18577
17931
21219
12790
921
780
9419
10170
19743
24137
17135
14337
28014
22055
27689
14349
28500
27285
32709
11471
7054
31398
29841
13739
18561
9599
17971
5243
21035
12916
19647
30422
20056
17518
12937
25746
20761
23696
31800
30599
21874
28698
22300
16534
7763
5517
8642
32235
9161
3344
25285
1662
24694
10258
8678
3808
4927
21553
22367
11060
18756
19802
25973
12923
17429
15154
20557
26390
4131
15797
10240
2181
24436
11549
22769
12917
31899
4358
22111
11514
27112
4815
21302
4633
220
28483
32043
27785
9695
11129
28167
13242
25653
4344
18243
18711
1583
13599
11222
23177
32158
4037
3147
20028
12429
25884
30998
7077
32304
1755
28456
13764
4119
12444
21185
27302
19367
898
3206
23599
30667
25888
31955
30230
27367
17814
14674
1329
21774
4349
18637
21491
31348
20486
20800
28723
29222
15325
27699
32302
15608
18772
5446
15568
18623
28477
26382
7983
13249
11287
6687
8025
25706
3822
31338
11855
18753
18300
18122
25937
21786
404
11993
23644
2956
4033
25352
18930
12709
10538
27375
20505
30429
16056
13793
6822
10825
11131
6596
12987
20497
17482
13343
11151
11044
2730
24949
3181
3882
1778
16082
7168
3771
3500
27043
28877
22990
29757
29130
27393
24692
30921
12786
31597
3526
24913
544
23503
12059
5662
30859
7251
23423
15203
11438
10841
28513
3614
12443
13433
28812
2111
13458
4036
28249
4108
2258
589
12834
14020
29103
5865
21497
19074
485
24114
1946
16229
28460
16594
13727
13294
5389
18174
13555
5289
6643
31040
14473
8976
27269
15994
17742
25516
32563
23336
17500
14205
8207
30181
1392
9372
6879
17713
17822
4639
8048
19057
3651
31549
13869
15927
60
23987
1263
4548
24405
26469
22039
10699
29188
10057
5595
13944
2392
17793
14813
19633
17708
1735
18178
9372
26784
7950
27009
8545
21194
5990
21306
1585
28584
19233
21578
31879
13657
16436
25052
20397
397
24288
32577
387
27451
19601
15684
7292
23698
28166
17335
26345
2353
21682
6482
23418
5274
7010
7614
2817
31972
30241
27116
19322
7601
31064
2731
22601
24416
23610
18810
18370
26244
14943
30618
31214
22420
6319
28520
25740
740
12674
16362
24663
3283
19462
13992
23431
26182
8928
15293
5530
10582
7702
13357
18516
11846
25644
24185
25093
27832
1677
23921
13578
32032
19757
25930
16534
20088
25965
16112
30387
25654
30783
5533
9091
12411
27530
17067
22988
24205
21200
2983
2227
8583
21262
1702
7880
23375
32227
6364
24131
12233
26613
17258
18061
22602
32401
12920
14083
19280
24721
17028
12022
3184
16003
28665
20214
14479
1543
25860
32592
8789
23673
6563
24533
4831
11472
14847
25821
692
19654
18171
17804
24315
32058
9485
8020
12011
18898
3405
29371
11650
3044
5323
23903
11130
5271
15910
13623
19833
16965
18778
26907
31368
1316
13786
19079
3782
5926
10975
9372
9821
27421
14847
17511
5302
5923
12289
22118
23529
15929
26608
15688
14456
15662
21614
17909
5436
7875
13131
23758
31647
6924
8022
10294
21516
9753
29811
11345
2724
20950
14830
23563
27699
1840
1807
15197
20322
23161
5615
30412
24110
32526
30857
5170
5016
7735
9236
8384
16798
5454
18065
68
13163
24356
6816
16808
16331
11424
11671
7355
24545
28841
19413
32053
7708
25414
1876
16117
29031
16388
3198
32652
22688
17305
14658
10495
19020
11462
10854
6601
19593
17538
13087
3616
18755
12628
29407
11897
29355
6657
32110
26446
19429
23399
18748
28191
10753
21929
22518
6071
16685
5260
19799
25520
4649
22305
26689
24889
19451
15013
4620
20759
30179
3237
30750
10474
30097
2149
25531
23474
17814
899
17439
2961
28697
19928
7882
2259
8651
18591
23068
16939
26909
30937
5665
2623
30128
6384
1966
22119
27660
28058
2477
23218
8598
25088
22709
10027
21692
12064
11486
10842
13683
4719
9683
15629
20963
22467
15656
7000
15200
14961
13038
28378
30621
25010
10373
20034
4636
31820
23986
22034
25065
16238
17393
16035
22408
19675
23565
4969
26412
17482
4589
28537
25386
1037
2737
25416
23212
23794
6398
26550
20650
15719
19349
587
24342
6113
18987
32448
6743
2174
29813
25025
18681
32233
30594
30961
17315
27006
19789
11311
4425
15022
23187
29720
5026
10661
7906
6604
22493
5419
10995
9205
24464
30664
20793
5382
30193
14380
17594
24257
25928
22733
6686
12028
8356
19154
24325
31140
13773
26672
15262
25602
7035
22803
21110
30013
12229
26751
21133
12321
31452
3127
28591
31262
2553
9182
13569
29588
30356
13148
26075
9550
28119
7299
24789
10060
19538
7155
14629
9413
8688
3386
31272
24940
12842
14912
18750
9203
17530
14819
23003
10701
22803
8670
26587
2105
5583
4079
11286
7804
32617
20025
32565
32109
21228
5863
7876
26679
4971
15122
18568
21083
8179
12516
8210
32500
26046
19710
4756
9535
681
11032
11508
15962
27624
2535
6175
24652
27897
7748
12192
19014
4822
8586
26225
1577
22383
8000
28176
17223
8535
17912
21462
20078
27582
16246
2181
19235
10911
21525
1568
4651
16186
23911
2047
22864
4293
19484
2338
2145
7519
17701
31942
24443
5957
6681
30006
21127
25160
8407
11492
15876
1407
11885
9656
22791
25913
14648
21160
2175
22837
26189
32649
30654
29462
1560
27428
6709
2321
17475
18317
31359
22761
3801
5296
31394
22301
30892
2349
27025
32352
6900
32102
4597
13129
14904
3285
9772
4172
12914
24996
11666
11753
28270
24183
22272
15139
28275
6797
21651
31284
8741
25607
9391
30079
6570
15495
27715
198
21004
1021
17998
23197
8414
17854
11426
542
803
23511
24040
5343
21355
23712
25828
18721
11071
1684
9466
22602
29631
7775
4081
28054
27018
29497
26872
27913
6110
32115
14566
9896
3841
19279
22470
18920
23007
12309
12179
11623
30452
26979
7232
16090
22636
11973
3323
12102
12169
24453
19123
12148
1862
17093
2008
20639
29242
3530
7522
23919
20414
9371
6420
16171
27730
18635
258
17194
317
10899
28753
21642
22388
4132
28990
32293
4541
1850
14433
18625
25108
21749
9523
18823
11854
6117
11215
29879
26620
20579
3061
2201
7058
17192
31060
9399
31433
27160
6409
24905
26177
26463
30819
31473
14955
11967
24809
26280
25510
22824
11678
25080
32168
22154
1411
21357
544
29159
8030
3910
19097
23468
29370
21615
27042
11841
31279
5556
7980
8415
27363
25391
27699
23714
1361
2050
2465
10207
25417
12364
18031
23479
26424
11093
4365
22508
12458
7692
12292
26868
14861
14772
28122
21580
952
19162
15413
32527
28716
13450
4676
25287
13721
11202
2651
17539
2212
18215
733
25130
25703
14071
18015
2574
5049
14655
32522
20676
24496
7758
31041
22836
1893
29033
31108
25324
25847
6592
10645
4794
25555
1953
24793
10617
11314
16876
19456
7467
10211
26567
14313
18504
17482
31378
959
9046
5545
1054
32361
15546
16286
27929
13089
25294
18157
6093
26978
13363
12416
4875
23560
2665
4524
31073
27571
29340
30134
20627
20588
10433
15510
32073
3723
18658
22266
7942
13015
10934
910
26713
6640
7029
29051
18263
18154
27114
27693
29256
3387
30922
29786
11425
4567
19268
27200
22579
26521
16345
11566
9889
19173
28014
21573
32535
16524
22176
25728
27705
7151
26455
10226
9818
12392
28830
2639
3567
12773
5810
7854
10819
2262
25944
12941
108
7498
32372
4630
22141
23892
5848
24993
14077
692
13658
12409
18584
23475
26665
10467
19989
6991
25697
348
25224
29848
17372
4899
17865
1370
21836
14839
19748
21500
12934
24866
19538
25768
4385
25014
2728
10669
320
5655
6287
21281
3756
18105
6452
16842
30758
21547
21633
8511
28923
16981
9547
27978
8408
2302
6093
26257
21984
19857
19541
14965
7420
27168
29245
25147
13426
26025
28445
32105
3258
16792
1599
11123
19341
16526
5203
10391
1342
2657
13156
12806
8269
20836
23307
30020
5946
23784
20707
3793
3223
7426
32060
23561
25953
11151
30740
9289
23952
24182
25155
23891
19181
20269
24309
3828
548
31615
16733
6628
4634
25484
17064
26093
18816
18705
21552
15183
15017
29673
25075
19300
12696
8148
6467
11392
20574
30584
1983
19739
17827
16549
9857
8754
20866
7645
9625
5354
3226
2324
3002
29559
9569
27572
32308
26940
1980
30692
17698
16947
8909
9994
24549
32144
16652
398
15825
29601
9882
5090
28453
4857
27090
13503
25153
30925
14880
177
275
26782
2326
11989
17107
26392
18876
8929
1520
31803
14888
24678
17994
24760
27471
17234
929
6814
31515
8633
27725
19765
13502
15061
8240
16426
2885
5963
8170
25069
8816
16047
15435
18776
22977
26187
6670
31377
3539
32028
7620
29489
1005
14622
21518
16806
13271
2506
10767
11222
25580
5084
2593
10500
19313
6745
12487
13048
12069
30929
19940
12890
11289
4833
17962
2656
9410
23805
10452
1961
1101
25196
11672
13928
19506
27796
20183
25540
8204
12152
21528
20095
17320
8063
24756
19158
16220
21623
23250
23977
7834
7641
16022
4828
31940
11343
12694
4861
21570
29811
27278
15399
17363
11994
16724
16934
15904
6481
31502
6619
22423
23910
9890
13282
9846
16427
7534
19059
26918
32566
31802
18054
26315
32492
10346
59
15897
11776
13688
24184
5737
16950
16034
6612
26380
12909
2272
9908
18655
4572
281
2739
1567
12444
27286
8520
23679
9574
20919
5027
9592
9375
5861
2007
22753
18577
9671
19262
7615
12028
11449
31769
23902
4045
26746
30328
3233
12589
22564
2138
8086
23741
28002
12564
23373
14880
3293
28663
31211
12987
29431
26157
21754
17080
20668
20452
2563
23377
13589
6319
19807
14923
5695
3880
24394
23232
3964
31707
22329
25378
9993
8031
14702
13437
12367
23494
2761
32508
7773
3384
22241
32687
23190
21978
23635
19339
29607
24820
21338
19379
14525
24916
672
20214
5364
20205
5716
21656
16146
10180
28029
29781
4469
14349
20878
1955
7754
11664
19514
30776
21504
31314
3977
22476
17916
19058
9260
9504
28047
4433
21006
25151
30501
29173
30507
24579
28607
1712
16549
25308
26275
19452
31252
1229
22353
12970
26398
30903
28602
7484
23369
4826
1709
19599
1036
15001
22162
32701
6444
10621
20570
19265
26438
7037
6838
27484
26791
21629
4487
5560
24676
7956
22934
3660
11176
10386
23686
895
15688
24130
16647
30096
30621
12268
13132
11573
22674
23454
4542
1410
11260
9900
20978
3341
14378
10230
12760
16976
6333
1897
2358
28494
15290
22217
20309
26746
13534
26541
10491
13012
23346
17099
4760
21845
25823
9333
31428
22925
30018
8804
24809
16267
20803
24245
19517
26877
11747
27697
12020
16280
19733
18385
2483
6842
23759
2945
25415
10318
19552
15909
26775
23793
3076
25818
18647
12114
27318
14718
8703
8927
1605
10866
4476
26014
426
1950
15653
1368
30105
182
26736
32765
20310
22716
27110
13124
4554
29383
5332
28562
11478
7170
27460
12829
24295
14071
11307
19025
21707
11278
4580
28275
31683
17232
21725
900
14809
19313
18065
7272
115
12814
6326
29767
27945
28979
9399
26676
27860
30240
18276
13324
5351
25933
9449
30369
9987
24491
26876
16664
29381
11565
22363
13712
2531
28807
16502
30981
31351
18486
11880
31859
922
192
24108
24894
30773
15421
22798
31953
17428
13078
16991
16261
18236
29197
11629
709
31615
14717
4019
625
6221
25059
9036
1407
10445
27038
19886
31208
18476
4083
24212
1986
30774
8532
15164
24489
17955
22754
18899
18532
12723
31536
12590
12230
2685
3658
16570
17105
14211
21238
5302
20770
7435
25401
19103
32649
5290
6685
23020
3575
11170
10418
25852
13469
7022
31827
5709
23634
12442
23082
24046
13877
5080
21495
9015
30356
10577
31244
16055
14093
31289
28316
20590
17395
23718
15926
17980
22772
19874
8589
9882
4344
12670
3194
29576
3403
28266
11844
14790
6143
5443
18206
8263
17804
3244
30449
3043
22970
29280
26972
11084
29633
9927
762
32579
17838
14023
29667
13068
23304
6108
21365
22815
12980
27243
10580
24608
12310
13907
1967
21521
10105
21958
6853
16327
2481
599
20904
17050
29438
14419
1089
11873
8500
25685
14997
16798
5401
3861
31046
20981
25359
31617
14173
31459
30451
27407
24902
9388
20292
31825
3356
30613
29576
22474
17448
3924
10731
7936
1444
709
12330
20946
26308
5086
31663
7692
29687
7141
17662
19769
14186
2016
25167
17592
2253
31054
13692
19474
2651
24340
12574
3467
30484
6842
14579
1271
9805
1495
24964
20687
26731
27594
21252
6532
8428
19371
21370
787
16807
30338
15395
23770
2900
23990
24081
938
14158
9672
6681
10781
28312
20800
12268
31530
12830
6120
2180
19190
6206
15929
32706
18925
903
275
29013
28178
14017
27057
3293
1683
27181
7643
13648
11681
17934
93
28573
3198
26215
13753
9360
9688
19463
24857
14838
6741
24259
11655
18177
7023
25859
30560
26606
130
5248
10758
29924
12835
8267
9686
8224
24500
26642
16986
16207
13109
11423
16575
17467
30557
28065
17033
10410
25578
21679
6277
20867
1077
20874
32255
11571
27657
19362
5174
4431
11957
3292
12813
7035
19552
18835
23555
6538
2461
27101
30821
15591
25920
30735
5059
7475
8303
22659
18848
20015
3324
11928
9581
3293
5618
4859
4025
18402
13933
32549
7074
1839
21167
4645
18575
30432
10097
4768
3105
6500
17271
21014
14438
25823
16231
21862
4688
20428
10203
26261
11366
4327
19893
29643
22970
5706
28851
24478
19739
30678
30787
9875
14475
26836
11928
32226
244
27868
12797
20346
23062
21494
4201
14149
24260
16896
16724
26029
31056
17744
29130
2911
12356
16538
22206
12879
11090
11283
31136
10236
1166
29142
13106
23797
14811
27015
18583
23964
21155
14135
24236
18474
3532
4488
14236
25587
11239
13074
28335
15852
10666
31493
9827
28266
32416
271
23742
27692
13343
8320
23010
4252
26747
16044
27874
12626
4729
20624
27348
29402
6406
25529
9256
14519
4905
11874
17464
22183
17463
27357
20255
26409
10310
564
12751
27453
9443
18959
6238
5995
12808
23000
32417
29190
3912
15134
12028
9906
22861
31031
9080
13092
4996
21546
32022
20777
31255
6860
1380
16874
12316
28712
28237
24174
7692
36
17461
4448
5238
26466
17990
7699
1780
21093
6404
22723
29535
6133
1832
13342
18751
21188
17579
18434
25989
15953
26657
13705
30333
23309
3656
3139
23550
7613
23521
5314
22500
11807
20926
9308
8895
30928
10013
24108
14541
6253
7732
1370
29478
23032
1805
17564
16695
24702
25748
3837
5745
11255
26607
32222
24642
1902
13837
20538
6213
8802
11138
28462
18102
22891
4754
7096
2344
29217
32651
10687
29050
20025
18265
27731
20743
23025
17492
14135
17437
14767
23900
6556
4529
31460
808
13872
13136
19511
6107
23639
6489
224
29912
18104
32618
25425
728
8956
25880
6940
6202
18130
32483
10769
4506
13879
13160
17574
22692
24308
30937
2461
19754
11624
9899
23776
17525
24199
3982
27056
4825
13091
30626
4094
21388
26731
15080
16665
25273
6577
14327
3978
15823
28528
21232
30268
15903
16269
9395
6881
24998
733
10835
3984
5671
17384
2248
22451
14974
27372
14564
13344
18992
2853
12169
31366
26438
5452
22040
31755
13916
4958
26412
16179
16629
20894
905
4356
21009
6365
4943
12648
258
24057
18292
7890
24187
2724
20336
17700
30698
17254
5946
5073
9479
20197
8564
16190
21421
613
20962
12655
17898
22411
15393
28127
30290
3942
19094
27823
5784
1712
20900
12547
23647
8016
25378
7850
4173
25380
30220
21245
4961
17406
13944
1289
20103
7404
4556
12528
16490
22717
21295
4748
7562
25024
25661
13142
13966
16079
1535
3974
6363
396
5658
5756
7525
27115
13382
2655
22981
25329
23554
772
10125
15547
18055
6161
13784
18369
10490
30306
22821
13660
8933
25771
3429
24966
28904
31583
24146
27105
14252
5073
10755
13820
31513
12954
29117
21713
5577
28986
11533
21394
17596
11010
21267
29093
6989
28977
3617
21997
29540
2653
19845
10571
11758
276
10658
14948
22410
1476
20038
3749
1413
10200
24375
1157
32521
10788
2831
27402
1681
30339
16458
12943
22432
29886
14494
6852
11443
18608
20107
502
24948
15272
20786
14737
1328
21775
19050
995
29067
26187
27409
7970
14707
3554
4512
433
1106
30179
7938
11167
10632
20866
3495
12657
8216
24066
32468
25633
5793
27352
12861
14950
18321
11533
7125
24374
23957
25060
3045
2441
31828
1213
7515
353
16732
7225
24165
30215
20828
25247
26431
2455
17813
19838
21322
13758
3467
14484
20573
28099
6400
14319
14431
8644
24098
21842
26902
1859
4100
15578
20026
19169
6475
7393
20942
3944
12074
15651
9904
24079
4240
4383
8558
27642
17823
18881
4955
22785
29537
10813
23522
19378
6070
9278
9243
3737
16785
32576
30876
4799
6500
3898
13714
31600
19929
16001
30992
5953
14531
28393
4006
27218
20564
30253
3894
11729
14480
14737
5123
26815
2305
11461
21515
1527
6829
14349
31895
2924
29253
18847
3600
22194
6815
5708
10772
704
870
19811
1993
23284
14353
17363
625
32599
785
23183
30271
7715
20815
9271
24425
26242
27093
3572
28543
6297
19915
4004
3323
22213
21670
10039
28953
7204
22684
9048
22505
31832
1883
336
30370
4231
11002
25128
11321
13734
32560
23310
8242
32760
26308
9467
17335
2001
5444
28562
26855
29600
250
23370
25712
25388
12572
24271
28000
8222
15427
7078
12088
14272
2846
26128
16962
25092
13160
1074
32293
22984
32535
26738
23223
2648
29655
27428
21266
13877
28342
18278
32490
31509
10273
24392
22046
22314
13327
2865
21132
5031
21116
30846
25642
14465
9241
23403
27475
28018
5954
30775
11614
27716
8496
18307
30581
26700
6000
14844
25508
3893
15763
24377
29745
1791
23336
29670
31020
3398
28135
6947
29766
7112
19503
18215
28391
13858
19379
5417
30330
17626
16496
8320
13068
8610
26594
4361
19477
14555
5239
26825
3989
25689
11588
21715
3939
25446
22006
1388
10434
5129
21260
20846
10806
20872
32324
10474
2966
7211
24403
6929
27745
28227
15577
29525
19541
25195
14740
12747
12862
3854
20948
25300
13581
15145
19759
6652
6953
20562
30837
5154
1034
11770
15335
17626
20483
16879
24995
21263
14943
2596
8291
18669
22960
25525
15975
31485
31332
19238
24752
27282
1945
29164
23151
10085
30259
19758
4285
29820
26155
460
18060
13392
28201
20897
25822
24622
17750
28165
4917
3806
16235
21398
13386
20099
20239
4921
6913
21954
607
11355
2973
20518
11726
23677
23856
18883
14639
2031
20310
32282
17168
8155
26659
3645
3658
10630
28250
25140
28118
19155
21472
14750
8930
9
9328
12187
24868
24277
19599
13802
28015
2707
19651
19279
2692
15817
11520
28984
10282
3316
17507
9375
2177
18056
10531
24114
20371
5170
23748
23986
12588
16736
2189
17561
12524
19203
24125
17407
10394
7315
28922
25022
2235
7764
6794
6357
1891
30937
16581
22794
12620
12742
3914
10708
4389
1498
31090
29815
24876
9260
6274
14705
31487
11956
14885
13589
31151
9230
13081
14198
16919
5755
18984
13190
25964
21545
20314
18815
4629
25780
13161
20610
1724
32748
13173
9086
15269
25049
27897
13652
13886
8188
28158
12345
15096
25560
5518
9307
20822
11953
22636
2503
20035
2708
15874
6538
22697
19607
10651
16918
7231
19554
17362
15080
7843
13550
6218
31592
27304
21133
15264
6417
1521
555
3486
20689
25791
9683
27570
16307
20487
17013
26526
3771
29128
10982
22128
5649
31643
23592
19381
15203
7052
28396
21738
3972
13096
16981
2355
28505
1239
17407
16720
11253
19308
31040
3020
32259
28667
11693
12663
18532
20970
27360
24087
28186
21835
7545
16731
16229
11113
2915
15376
16939
2465
32601
28055
22941
17012
19880
13719
4376
29914
5686
32239
3657
17880
26563
24815
28309
22612
10351
32711
5048
30505
26492
7487
9132
9591
31830
20649
16332
2364
5840
25876
14137
25641
9393
14531
14461
3758
12399
12510
18030
10584
7482
5478
29781
30812
25660
26990
11600
7540
14112
5001
2805
9193
11217
27263
32568
4849
21892
31300
21903
31292
28408
5418
20308
11466
31228
1365
24426
7679
30771
29295
18723
5369
8468
20382
9825
10785
14644
26035
6396
17152
28360
19877
11108
85
24421
28477
9352
21092
11019
22546
21238
10128
14434
32440
4931
26924
3651
17973
5549
14991
26234
21940
9983
11878
24011
6270
181
26191
25907
31269
25697
20643
22639
13058
1613
30866
24003
14562
2914
7286
29428
10237
7752
32353
19350
14376
24527
8952
25742
4683
13966
29317
28879
6676
16842
28743
871
32749
29593
31757
6847
12076
5702
20995
28958
27786
16632
15563
13936
14551
32655
11727
5958
19436
12751
12246
13597
15328
26048
26582
29667
9343
12628
6153
16567
25335
20299
22851
13809
14805
852
32387
16482
28976
2421
22216
10717
18212
5292
16678
11509
17539
8407
18200
30217
18886
7121
12568
13694
26698
10718
18797
10060
23481
2377
16709
13244
14277
22859
27651
3440
7709
18479
17626
28835
4249
27828
29339
26546
13240
20147
15819
14555
5453
25345
11513
24901
19317
32407
15182
16705
32716
1264
23910
24016
15073
21939
18526
23397
999
15762
12079
5612
10413
28274
27194
31242
16848
17100
15652
935
18223
20563
12003
1450
18591
3543
10265
7939
7904
4201
19361
239
10448
9152
15720
27255
26847
16859
19327
32058
5827
11752
11630
20333
31085
13925
19914
24352
7483
25221
21002
19139
14959
3797
21654
29416
24544
15647
1313
26955
13807
7054
9017
20751
28093
1812
1820
5194
12443
3337
11470
4804
9154
12309
30056
11772
21573
29775
4787
22124
8003
30374
20725
32270
27233
4993
13067
5151
16503
24738
5304
28195
9866
32336
18237
16937
15611
949
23594
5712
253
2693
4723
18826
16972
7648
6598
6560
8477
4218
8220
19063
10320
32249
23951
21137
22509
31646
4715
12502
13262
15400
11143
20373
10905
10997
214
6342
26866
17003
25145
8082
27886
8598
26263
789
28106
9490
12592
28258
27613
1836
8494
22983
31947
19268
8061
29011
10236
30838
32477
17558
26444
26489
8758
9128
8196
10182
23851
19821
10250
16381
17137
21270
11092
19845
22370
21739
1442
18291
22093
31816
25709
26798
1297
22246
17690
1360
17002
30556
9076
20303
18570
32486
27737
20060
21868
29796
2227
3851
11621
3238
5291
19765
11260
18406
5913
7579
22267
2198
19774
23243
10182
1885
24245
22856
32492
18524
3495
9957
30204
30133
14143
22898
922
17230
14429
12442
9681
16338
2703
3852
1707
14073
11581
3801
20223
2314
12067
13597
7051
7070
27652
2274
18498
18342
21149
4417
1511
26799
18137
32458
28123
29029
29763
1063
2100
10582
9408
8699
30734
30713
28542
27152
16934
24815
21544
32178
24997
5512
5724
19286
7993
16265
27998
20352
24170
26925
23566
23779
21804
9833
17687
12233
25008
25460
3946
20661
29312
31879
28395
2631
13515
738
9577
30305
31997
21263
20436
26248
7571
24682
5034
11149
8238
23009
16563
108
5350
3065
15086
7284
27616
9233
16587
12456
3363
14571
24986
21606
8871
15464
14404
9542
18607
14995
15929
7749
6233
2529
19113
27171
16500
20664
4599
13577
8337
1069
14699
16751
6749
17426
21287
17469
3374
14384
22108
19504
12251
21201
26557
14464
15569
7298
1588
704
9315
27926
28628
24581
14690
13806
21264
32074
3054
16760
8234
23315
26251
3062
3822
3153
8568
6529
11423
23686
16444
27981
1586
8489
3457
1582
17082
14924
10533
1115
16932
1660
15503
23667
5156
19945
18751
15293
23407
26823
17833
436
28971
9459
31812
29379
23715
11994
24798
2125
29504
407
20530
496
13493
8795
28092
7179
14201
11026
5068
3965
14714
26691
2522
16048
10512
3640
29977
13271
14895
18784
14158
21619
23522
11761
12259
28188
8692
19153
4919
126
30448
25527
19513
26786
10829
5774
7221
20847
12002
28698
27886
3440
7584
13277
2284
15831
20607
23356
11799
27330
10681
4062
11909
28862
23351
9557
5009
26505
16968
22016
30509
26141
11161
18223
1913
18409
4962
6281
26772
22370
13789
683
26801
442
1020
18706
14958
30703
20571
827
10594
24840
18548
264
31989
412
3602
20070
32117
31891
1288
6701
20326
4400
10530
1096
6425
31312
92
5909
9856
21228
32082
28686
32576
9189
26104
23466
8968
32513
4747
26750
24609
19248
6343
13736
30791
9749
14171
109
1976
32449
5530
13601
25226
19906
11123
1863
23617
3676
26019
21754
11681
23830
23081
22924
27841
24441
8442
29548
19297
22804
9463
333
3965
4547
284
6788
31267
28977
15866
9906
4225
29596
871
6308
31554
23512
4724
20599
28699
18071
7071
26880
22944
743
17738
29803
12637
21500
30316
27681
16418
48
14727
22512
14494
20808
19418
28774
24623
27129
11479
16509
14841
5291
16855
2686
26678
28540
25101
29727
14284
6536
24248
15854
2597
17768
23453
2547
4411
21752
2997
30097
4594
25181
9763
2734
8363
23111
10088
19476
3094
2932
13018
24854
27207
20342
10323
9334
31757
12469
16934
6790
23167
12727
20311
4750
8919
6559
24075
30574
5252
27124
27197
4996
21882
24996
25779
19408
20685
12617
9776
5718
25470
17578
8940
12228
19349
17797
29249
21589
3439
15244
32423
32757
17242
28077
29154
31142
2911
26774
12666
11810
1887
20089
32620
7618
9058
21516
4895
24990
5675
3797
16025
3062
20496
30884
29683
26577
19464
19553
16138
23523
30470
8199
1912
29876
8581
24561
11971
23039
12132
3925
24275
13144
31221
29198
7338
16402
6225
926
29519
9824
494
24435
19211
15802
16243
32361
16600
22659
7626
28049
4631
20712
6007
25137
28801
23819
26665
20235
21088
28257
32399
24290
4863
8280
16493
30779
30559
31294
21743
11873
27435
2142
26941
17323
2542
4204
9039
8449
18564
25891
14083
26269
21199
7468
20845
31247
29099
12610
20078
13700
3363
17812
27784
7239
7909
8810
29424
14472
10483
8204
32229
1629
1180
2528
25921
4102
7595
15570
29006
8053
28126
1272
20954
10510
19609
32374
2958
21419
26332
32160
20347
16867
29555
16991
28918
140
30572
31446
28070
15998
11982
22853
15323
12698
28040
16685
21281
19723
3240
20405
8982
11468
14285
17228
27768
23146
11999
1680
12418
20236
20477
25198
10873
22192
32183
7051
1922
14519
13694
32483
20662
18852
27224
8625
15224
18977
30681
22670
21510
14147
16718
10716
13903
28686
20795
16229
18693
21564
3336
6976
12018
16442
20727
5109
25231
2676
2137
23520
12243
26066
5634
6107
73
19842
8442
18711
11621
24057
6517
3659
19736
16180
2565
17
11426
1092
2319
11404
28072
9225
24188
30287
31110
28478
12720
23162
16102
10165
21440
25126
28050
7396
31199
17156
9350
29089
31770
29504
17994
28458
27718
13484
26494
2408
6454
23322
2998
30837
21041
21001
9353
2907
32418
9605
1765
6175
24082
4680
19109
11518
1108
24869
18534
26358
26111
4519
10646
4488
2338
6133
16077
29629
11826
12792
4193
28263
1351
6080
23861
20393
17288
2852
31697
32697
11492
2729
20920
27365
26116
11174
21749
19668
8829
24485
19448
16655
841
10507
16288
15551
14712
764
21401
21945
16675
121
30952
31415
18594
26315
11972
232
6142
18213
17832
10924
3241
23429
22694
2968
32109
10971
28926
28097
6819
14445
2031
7223
7845
17018
23245
14031
25222
21533
17748
29478
11008
11893
5692
28386
16813
19715
4621
30523
11898
2387
6197
27067
9562
8671
7768
4673
31799
10288
30183
10828
15662
6726
4084
23926
10491
11066
13125
30527
15794
32546
22695
7692
5553
24117
8580
16240
13010
9008
7352
4521
2533
26872
19873
20078
25181
15232
10613
2792
24137
20461
32473
20734
16006
2040
31663
24021
14131
17556
17711
10647
26726
19409
22073
7284
20253
17921
6121
5351
17016
5657
26733
9019
20773
4442
1043
7757
4891
23088
1190
30099
17291
25178
27387
25693
14099
22603
26311
27227
566
976
20659
11616
25609
22004
2739
10341
18734
12321
14995
19409
31494
9863
4819
29432
20259
16833
7604
21217
27388
950
16019
17996
28645
13246
23926
6899
9022
13831
28901
17425
26346
29238
23035
5665
5635
3409
18108
28648
6603
31452
3753
29877
19174
10562
15762
15336
29383
19831
16556
6577
361
4572
27107
25882
19263
11363
15729
24392
25453
8179
15792
8189
26168
11534
10540
11106
18363
13745
24317
5380
31452
6267
23892
21532
1151
18194
3667
11539
20218
7107
22306
21573
20936
12904
7487
11782
24961
18575
13845
20450
15369
26840
29905
10025
9480
26015
19057
26796
9883
26331
11293
11713
19018
3910
13243
25229
24121
31935
11966
27010
6818
10220
3902
6182
15234
26403
29518
28950
25235
6283
13962
16203
21883
14206
16879
30365
27715
24882
3568
32133
17418
3225
2757
17447
2555
31109
25351
19600
29308
6928
19578
2108
12456
315
23338
11995
512
1493
2745
29268
8797
16543
29175
13323
15402
1709
21683
8032
10447
30991
2001
19832
5488
26289
23453
22079
24536
1408
95
29357
16304
18126
6448
5193
4085
19192
28939
5612
19625
14406
1575
27080
6344
30994
24452
26792
24701
9517
24772
9849
27542
6782
4157
28682
29750
2284
844
22032
5577
30079
25836
26989
10301
30913
19079
3250
23408
15467
19212
32482
9956
31805
3137
889
25018
3630
14939
19372
5854
13765
7628
1267
27007
18119
17244
12485
7618
23314
27259
10658
6583
8137
11733
31063
29324
32177
6696
25726
23040
8411
10066
20292
27
9092
18351
24431
15644
24633
417
32671
6068
12095
18288
10195
31601
4913
341
3888
13181
6379
32209
11006
32136
28327
15427
7924
18691
30310
17850
693
30351
22418
2056
8346
11189
21473
26392
4530
3799
25468
30849
23303
32614
23649
7514
28707
7766
10501
28241
16083
15055
21054
11767
10283
30502
24673
13662
2762
14859
22439
3814
16992
16388
21462
13140
16493
24858
1821
7460
8779
24273
8255
9761
26734
20062
23540
25394
13035
29461
17804
29303
10039
7457
27349
28564
25393
24695
1855
589
8547
14349
27198
15188
29317
26950
7408
13150
12355
15281
2816
8316
3393
22772
13002
21929
26203
26883
8383
24735
14641
16022
14859
14832
25571
10201
6774
15185
4633
14181
2440
20537
31559
6511
19185
5291
22063
18751
20008
22095
9639
15076
337
11208
17052
19751
19300
5698
18263
6077
29068
24906
16383
27073
27597
13539
17503
3169
27882
3542
24298
7639
8582
4169
25852
6299
27273
26771
9315
23254
5829
11855
2590
16922
24538
32175
9828
12113
11862
15124
12777
1780
26913
13531
30812
382
21529
6009
19508
24607
16889
26570
26540
22964
7551
30630
24332
21495
3534
2230
2091
15603
14865
4485
31538
6332
28769
22746
4258
5980
13289
23366
153
18192
30279
12025
1873
14005
54
23001
13033
7293
19818
19926
15976
21734
24508
32631
7679
19949
19847
19129
8334
12926
3922
6682
19050
27184
20655
1009
19806
16687
18530
20992
16879
19577
23494
10060
1508
24142
4461
14381
25606
7905
5895
18593
26917
7508
24197
25829
2651
27875
5758
2119
149
8800
465
9782
32078
17887
29324
18843
7326
3250
27660
15980
14452
28568
12390
31101
287
28977
15622
12954
32532
10421
31382
25812
25067
25830
9250
10520
16554
31555
10617
7942
12102
6015
4310
22527
19815
7985
7103
30848
12908
32205
13102
943
23215
27859
24303
1332
31242
3142
19529
3402
22426
24416
10208
13078
5826
388
20186
4407
4467
10100
6977
28830
10155
16580
20392
5536
10300
19855
26130
25417
14031
15464
17935
18676
21288
25747
9768
11800
26028
28790
7293
20581
29984
19530
8877
18448
27059
27926
4342
9835
319
990
21662
25272
22732
28951
26001
2367
12118
3167
16203
24734
17872
5227
24824
31073
104
23361
6362
23506
11533
679
7916
18450
4910
23771
17093
15465
12485
17796
12478
13787
18581
1769
4695
24316
9647
8033
3543
8453
14395
31498
26931
19238
28533
30142
21553
17438
29942
14659
7629
31242
11573
19394
22748
1146
8525
25211
13295
11466
13825
19638
2170
20656
21501
2813
25910
21265
25950
26248
6083
3865
19573
7417
31122
394
14280
29770
1026
7252
30554
19203
28617
30823
14125
30896
25494
22981
17156
4754
30197
14811
14189
26773
1650
19473
17407
20098
12801
12448
25313
1398
26269
18851
10636
22931
23088
26226
5841
18421
26803
14635
541
16615
7574
19089
4092
23127
27746
24602
20444
1672
23709
2115
26388
8967
11502
16679
27940
29664
12673
27984
23870
24337
29101
2765
16646
31807
18644
24708
30871
19624
3723
5578
17350
12121
2555
26673
28842
26017
13447
29601
21340
15301
4016
16555
27387
10741
4661
3353
22515
383
28798
714
1919
31299
17466
20669
14445
13415
22344
23147
15650
588
5587
29018
7901
3776
27586
19695
1600
13173
4431
13444
3340
5041
2805
4026
23852
20296
24720
20752
16629
25032
20416
28341
2220
499
32142
23963
26952
5490
27474
17101
14458
3271
13012
20226
10731
15236
19889
30834
29125
186
27648
1768
28788
21429
7734
9753
19374
2278
22087
29236
6320
25377
1038
12986
31691
17673
20719
14224
24864
5832
16059
3155
12968
13315
11731
30187
12151
30220
3729
28259
18497
11866
16867
4855
9501
9527
27961
14447
14473
28857
17826
6572
942
14323
5681
21633
28646
13932
1446
10436
24956
5073
24394
11684
26547
25574
25371
28988
11785
25282
24873
13929
4796
16700
9280
17625
1678
5537
28615
32613
6597
17576
5352
13473
23159
30375
25330
23985
26628
27910
30459
16222
24548
19444
11977
8553
1955
11354
17139
4126
22569
2573
19523
23597
20031
25160
14431
19638
9295
5721
29096
14243
22891
26266
15971
29754
10641
6563
6935
23538
23342
9150
5173
19846
1504
25244
25342
26185
13952
16710
20898
26041
5216
22613
10917
28502
27601
24166
14215
7861
16873
31945
4772
8656
21891
23673
20569
19872
12678
32593
17256
24814
13419
14716
24734
26982
12537
24366
1459
32493
3155
31377
10097
18740
32053
7683
11032
909
20603
9854
28418
29438
22243
599
18051
660
24595
20524
27923
31226
26334
27160
13487
586
21187
12584
29564
27939
29366
11539
29870
29180
5412
21541
28840
21944
24881
3965
20580
12410
21828
20344
16406
17850
3781
17517
21772
8857
16165
3995
19161
30321
29215
95
7090
22961
2366
12715
30744
30440
4256
7091
25016
18975
20729
28137
28047
27244
17114
17708
29009
4548
18228
4668
8204
22289
18712
17522
23048
20100
11456
3246
13299
1069
12243
19600
31034
1225
7909
1515
11706
26843
1085
24182
21144
5630
13276
3013
29293
10873
22715
15224
14503
18196
26451
19379
6188
11050
6498
26574
17728
22272
22253
23885
1704
10325
12417
15634
8719
9530
20159
7377
26538
26916
31512
3269
8472
26688
9684
5537
26508
32006
3417
21194
9517
29713
27306
31939
17853
2606
18222
30696
23161
4275
24499
15200
13633
11282
14514
9293
16121
24749
18388
2373
3375
25068
22198
8710
31486
22413
745
5989
18738
3388
32574
20360
2476
16484
31296
19029
23049
68
19969
8746
12670
21573
23834
1231
17926
7307
16621
14505
19648
24778
11565
560
6546
347
11425
32163
25107
32399
6948
16634
10152
19011
241
23068
3309
22452
13085
32082
6742
23957
23909
30715
13846
32351
22826
15234
21311
19177
30138
5262
7211
21304
5585
25208
7196
14744
18016
25346
11295
31723
12940
26182
10038
26434
6394
32492
10677
27050
9802
672
24557
13897
22753
28355
10248
28585
20972
1377
2868
19539
14241
13924
20996
27040
3272
10503
14354
16588
8571
31117
746
29260
298
32562
35
23393
482
11874
11983
10734
22734
27433
6166
25223
22526
24555
6941
3274
14695
11349
12333
31218
6955
147
26385
22953
4379
30915
9407
4382
28538
19626
25659
2136
13060
10150
32441
25034
10799
15588
16130
20519
17329
27603
17432
32375
9794
2265
30493
15979
30115
7748
6257
28909
26847
14723
10267
23804
5585
6294
11626
26807
5606
19395
8667
26807
26661
8075
830
31138
13420
25308
20757
6141
21500
23944
31037
27202
17207
2806
30672
28979
24745
27928
11849
4717
7494
2972
13801
12608
498
29543
12634
18878
11847
19007
24979
16914
13458
19143
507
26132
30494
15537
12241
16666
27318
15663
24779
18960
25189
27562
11517
5579
18560
20151
28669
922
26854
1351
1349
6174
12423
6173
9176
31324
1571
32646
7465
18193
8276
12612
824
11845
31951
19147
31230
3875
23783
11184
14347
1544
27475
5214
31342
8410
28464
7435
28629
11675
12362
6378
24309
22334
28823
14754
3116
1209
7940
1792
8805
11867
10100
32488
9021
7520
1030
29074
8804
18883
29591
28147
20549
19027
31113
21112
6121
2825
2754
22010
21528
15769
3063
7407
24514
14407
1322
11997
1438
14076
11889
24597
4881
12953
14842
925
4689
17035
32588
31086
28618
15520
27599
27871
3777
1816
23695
22370
4407
20736
17725
7022
22288
9403
18551
19388
30836
2274
9544
29366
16246
9038
7667
28205
25843
4722
15340
13130
5309
28910
5416
3783
31993
14178
30358
13662
27846
28800
6126
14466
17952
29542
15529
13134
18179
6186
26192
17339
28115
6838
31738
9237
31995
8150
2833
30896
25045
4239
1364
9687
714
16307
8226
16901
14522
3506
14581
30808
30621
32435
25389
28482
27243
30435
783
1922
1594
4365
6669
1874
22694
17260
10311
1506
5494
18109
18259
11014
10109
29591
25145
5931
18621
2559
11970
1936
26067
5944
19443
2739
20623
28120
10708
22793
1506
25633
7798
9713
2813
19597
19507
31979
9655
23723
15672
32517
29743
30250
22593
5271
10163
1587
4772
26416
26337
28413
913
14288
6924
12187
15512
25944
11490
15896
2923
14142
29771
18373
2278
16517
24468
19410
6476
28397
5580
17436
16852
6759
6254
20550
30564
10443
10305
5899
19100
6605
29053
20946
5398
3886
17199
13955
3052
9519
21982
13210
23419
12107
25967
12922
12391
11557
8774
21507
20960
3008
15790
23398
12579
1774
5499
15160
4675
16139
17134
30918
12841
22250
4312
22953
3545
11792
7426
3994
12024
2848
10445
22151
8587
19095
23830
14566
30466
26041
1372
28233
31349
26060
1573
2098
31277
6019
4765
24873
19046
4797
25985
525
25939
27248
315
29096
19555
6367
15183
8837
3779
31764
5877
29446
6436
30346
13063
29617
12990
2090
20254
26571
19349
29560
11257
13352
32763
17167
19230
12353
30038
17227
20931
3463
29731
17477
4846
18679
25403
14340
1244
23279
2133
241
9632
6464
12749
1164
4876
32644
11684
22110
22996
20914
12743
3886
16369
19695
6548
9336
3652
23207
7322
21531
7548
31197
25248
30802
10809
21183
6377
22501
13425
10366
27831
18081
28180
7516
3854
10757
31979
32007
9658
13886
5062
293
19860
30550
9942
17456
4608
31400
16216
22148
32186
11415
12915
10678
10451
15999
16228
17960
26614
10476
22744
32474
240
7690
7577
6019
2159
93
17517
4321
19722
12722
32572
3917
29570
20054
6512
3986
10312
10373
21921
24063
2623
6181
20082
955
12994
29365
24246
7769
32489
16256
21720
21932
32264
31766
30073
25565
10617
1276
4442
25530
18844
30371
12925
22865
11291
6807
9351
10430
3955
13561
23657
28481
26544
17967
831
29332
24695
5338
10360
6779
16458
5128
24376
10396
4360
31148
19194
8849
12723
6475
24442
8764
13686
22263
22482
90
13287
18049
10467
3419
28297
19179
29430
19570
28565
18972
13987
25832
1530
18647
20723
15797
17058
750
705
30545
23287
21427
1894
14280
5286
688
32405
32013
7842
18584
11651
27024
31597
8317
23371
16146
24723
14658
19602
31672
12151
6996
8806
19807
27473
22165
8300
20272
20600
19609
7739
17780
28893
27413
10243
19369
31192
27284
4722
10453
1832
25964
1496
15898
10037
23281
17545
17291
29847
29416
12419
18238
26844
5439
21584
8866
19590
10747
29486
23059
26708
5489
25710
6828
23491
17593
15898
19037
15571
24160
4826
24125
25870
27485
18200
27425
4039
3142
16739
9325
11680
3780
31249
15658
4431
30533
11817
24409
22945
21232
14720
11655
15550
26078
23585
674
6320
2439
28402
25611
27935
20346
19349
23020
8798
15442
27533
8652
16812
12005
674
28513
691
18366
6278
12197
21077
25806
26040
556
13992
1374
30633
23732
13375
10824
24606
3326
6316
1639
29653
3292
20034
4940
23659
23692
7456
24114
381
22340
32107
8500
3342
13838
24282
31934
3880
13526
2424
25922
1222
3521
31653
6444
17906
16065
26974
13079
7979
19815
16575
11329
6665
31992
22470
25404
14628
10946
10074
31463
11057
17584
14220
9629
14702
3613
8476
12460
30017
9958
18495
25609
26907
2243
13471
2626
20643
28375
10916
13491
7185
23429
27122
4093
17111
12422
13619
23732
10631
3384
1814
24664
7921
26425
6295
25223
13451
4405
7298
2672
30231
9212
21554
12427
17535
32216
24991
30856
22532
19485
31384
18309
11671
21249
24908
27267
25479
26542
17935
283
18781
20630
30299
109
9989
7
32021
25178
32558
23807
6162
21747
20722
3649
9946
32304
7354
31656
30380
10214
12380
31164
4034
26611
32391
21379
26581
6331
1377
9882
7652
13785
2158
17795
9010
28942
8628
5185
30094
4989
28189
4898
20182
32539
22812
3037
28094
25697
19347
5340
23502
68
16885
24283
21674
30310
3496
178
12950
7054
17837
13679
1081
17494
10882
16552
12193
27683
327
27920
18056
18522
10785
22855
28630
7121
30172
1783
2663
24196
32468
24604
27917
3466
2325
9891
26585
14151
11713
567
27286
6114
21938
8280
29847
23033
18273
6829
12723
20372
19462
6043
26765
14168
12289
22806
7705
25086
8825
11703
4699
19459
14403
30735
31346
32672
5637
16444
7126
21244
1435
953
11486
22177
31417
14203
7813
2092
19154
12345
13165
7497
7225
25867
2084
31455
20615
16438
28839
11400
28220
29254
20260
28740
19881
31582
18436
10862
3341
24269
30505
21999
4094
13537
2676
17585
3594
3840
25995
17495
29855
25076
13017
31531
8232
27271
1494
4439
12409
16464
29320
31321
31853
2764
15946
29361
26829
3249
3532
1500
9844
31102
13403
12422
7089
18775
2146
29436
31981
32528
24881
26592
22670
5256
8702
13088
6683
312
30249
23848
18592
3851
8901
28247
1108
29040
4435
24240
1913
21166
30672
11731
11908
19321
16883
14123
19326
30914
8112
5736
18602
9171
23808
12336
24168
12442
26340
13073
24665
17989
8615
9403
26052
26128
29796
20332
20792
25691
11721
9131
31603
30720
9754
25145
1411
21475
17017
8773
5675
32459
15716
2015
1672
23920
22655
16047
16884
8917
23444
3303
23851
6871
1240
4726
10413
774
20080
2175
16995
26037
11571
5385
27268
11085
11442
1784
8122
21991
3189
3644
18049
6937
17032
17480
24528
20495
1847
6341
4860
23518
19989
30344
3801
9238
20547
13506
1570
10134
3054
10359
19227
15269
23834
27186
20084
7998
5022
9206
1393
22698
10864
31607
31560
4437
1059
27786
4555
25562
20654
10203
13638
20576
111
18910
1963
19241
26736
32264
18156
6504
31720
25150
29353
28755
16133
16014
29963
2682
22248
25885
21232
10071
23282
20064
10056
10534
19262
17807
28094
17655
20590
14679
24732
30977
10411
1232
28136
15673
26087
17582
2003
8739
24933
3259
21589
20968
2172
4485
17
10154
26264
6739
14462
20756
4225
20318
4424
11829
21728
14398
22772
25486
22015
32419
8388
21097
28880
18757
31706
27501
5425
17182
14751
3952
29550
8918
8038
29324
8967
18047
25933
13685
9908
14210
31332
10505
29095
10969
21522
28713
